-0.0644138
1 -1.63054 -2.74935
2 -1.70584 -2.82857
3 -1.78031 -2.9069
4 -1.85394 -2.98436
5 -1.92675 -3.06096
6 -1.99875 -3.13669
7 -2.06994 -3.21158
8 -2.14034 -3.28564
9 -2.20995 -3.35886
10 -2.27878 -3.43127
11 -2.34684 -3.50287
12 -2.41414 -3.57366
13 -2.48068 -3.64367
14 -2.54649 -3.71289
15 -2.61156 -3.78134
16 -2.6759 -3.84903
17 -2.73952 -3.91595
18 -2.80243 -3.98213
19 -2.86464 -4.04757
20 -2.92615 -4.11228
21 -2.98697 -4.17626
22 -3.04711 -4.23953
23 -3.10659 -4.30209
24 -3.16539 -4.36395
25 -3.22354 -4.42513
26 -3.28104 -4.48561
27 -3.3379 -4.54542
28 -3.39412 -4.60456
29 -3.44971 -4.66305
30 -3.50468 -4.72087
31 -3.55904 -4.77805
32 -3.61278 -4.83459
33 -3.66593 -4.8905
34 -3.71849 -4.94579
35 -3.77045 -5.00045
36 -3.82184 -5.05451
37 -3.87265 -5.10796
38 -3.92289 -5.16081
39 -3.97257 -5.21307
40 -4.0217 -5.26475
41 -4.07027 -5.31585
42 -4.1183 -5.36638
43 -4.1658 -5.41635
44 -4.21277 -5.46575
45 -4.25921 -5.51461
46 -4.30513 -5.56291
47 -4.35053 -5.61068
48 -4.39543 -5.65791
49 -4.43983 -5.70462
50 -4.48373 -5.7508
51 -4.52715 -5.79647
52 -4.57007 -5.84162
53 -4.61252 -5.88627
54 -4.65449 -5.93043
55 -4.69599 -5.97408
56 -4.73703 -6.01725
57 -4.77761 -6.05994
58 -4.81773 -6.10215
59 -4.85741 -6.14389
60 -4.74115 -6.02159
61 -4.62619 -5.90066
62 -4.51252 -5.78108
63 -4.40011 -5.66283
64 -4.28897 -5.54591
65 -4.17906 -5.4303
66 -4.07039 -5.31597
67 -3.96293 -5.20293
68 -3.85667 -5.09115
69 -3.75159 -4.98062
70 -3.6477 -4.87132
71 -3.54496 -4.76325
72 -3.44338 -4.65638
73 -3.34292 -4.55071
74 -3.2436 -4.44622
75 -3.14538 -4.3429
76 -3.04826 -4.24074
77 -2.95222 -4.13971
78 -2.85726 -4.03982
79 -2.76337 -3.94104
80 -2.67052 -3.84336
81 -2.57871 -3.74678
82 -2.48792 -3.65128
83 -2.39815 -3.55685
84 -2.30938 -3.46347
85 -2.22161 -3.37113
86 -2.13482 -3.27983
87 -2.049 -3.18955
88 -1.96413 -3.10028
89 -1.88022 -3.012
90 -1.79724 -2.92471
91 -1.71519 -2.8384
92 -1.63406 -2.75306
93 -1.55384 -2.66866
94 -1.47451 -2.58521
95 -1.39607 -2.5027
96 -1.31851 -2.4211
97 -1.24181 -2.34042
98 -1.16597 -2.26064
99 -1.09098 -2.18175
100 -1.01683 -2.10375
101 -0.943505 -2.02661
102 -0.871 -1.95034
103 -0.799307 -1.87492
104 -0.728415 -1.80035
105 -0.658315 -1.72661
106 -0.588999 -1.65369
107 -0.520458 -1.58159
108 -0.452683 -1.51029
109 -0.385666 -1.43979
110 -0.319398 -1.37008
111 -0.253871 -1.30115
112 -0.189077 -1.23299
113 -0.125007 -1.16559
114 -0.0616528 -1.09894
115 0.000992848 -1.03304
116 0.0629381 -0.967875
117 0.124191 -0.90344
118 0.184759 -0.839724
119 0.24465 -0.776721
120 0.303871 -0.714423
121 0.36243 -0.652821
122 0.420335 -0.591907
123 0.477592 -0.531675
124 0.53421 -0.472116
125 0.590194 -0.413222
126 0.645552 -0.354987
127 0.700292 -0.297404
128 0.754419 -0.240463
129 0.807942 -0.18416
130 0.860866 -0.128486
131 0.913198 -0.073434
132 0.964946 -0.0189977
133 1.01611 0.03483
134 1.06671 0.088056
135 1.11674 0.140687
136 1.16621 0.192729
137 1.21513 0.24419
138 1.26351 0.295076
139 1.31134 0.345392
140 1.35863 0.395146
141 1.4054 0.444344
142 1.45165 0.492992
143 1.49737 0.541096
144 1.54259 0.588662
145 1.5873 0.635697
146 1.63151 0.682205
147 1.67523 0.728194
148 1.71846 0.773669
149 1.7612 0.818635
150 1.80347 0.863098
151 1.84527 0.907065
152 1.88659 0.95054
153 1.92746 0.993529
154 1.96787 1.03604
155 2.00782 1.07807
156 2.04733 1.11963
157 2.0864 1.16073
158 2.12503 1.20137
159 2.16323 1.24156
160 2.20101 1.28129
161 2.23836 1.32058
162 2.27529 1.35943
163 2.31181 1.39785
164 2.34792 1.43584
165 2.38363 1.4734
166 2.41894 1.51055
167 2.45385 1.54728
168 2.48838 1.58359
169 2.52252 1.61951
170 2.55627 1.65502
171 2.58965 1.69013
172 2.62266 1.72485
173 2.65529 1.75918
174 2.68756 1.79313
175 2.71948 1.8267
176 2.75103 1.85989
177 2.78223 1.89272
178 2.81308 1.92517
179 2.84359 1.95727
180 2.87376 1.989
181 2.90359 2.02038
182 2.93308 2.05141
183 2.96225 2.08209
184 2.99109 2.11243
185 3.01961 2.14243
186 3.04781 2.17209
187 3.07569 2.20143
188 3.10326 2.23043
189 3.13053 2.25911
190 3.15749 2.28747
191 3.18414 2.31551
192 3.2105 2.34324
193 3.23657 2.37066
194 3.26234 2.39778
195 3.28783 2.42459
196 3.31303 2.4511
197 3.33795 2.47731
198 3.36259 2.50323
199 3.38695 2.52886
200 3.41105 2.55421
201 3.43487 2.57927
202 3.45843 2.60405
203 3.48172 2.62855
204 3.50475 2.65278
205 3.52753 2.67674
206 3.55005 2.70043
207 3.57232 2.72386
208 3.59434 2.74702
209 3.61611 2.76993
210 3.63764 2.79258
211 3.65893 2.81497
212 3.67998 2.83712
213 3.7008 2.85902
214 3.72138 2.88067
215 3.74174 2.90208
216 3.76186 2.92325
217 3.78176 2.94419
218 3.80144 2.96489
219 3.8209 2.98536
220 3.84014 3.0056
221 3.85917 3.02561
222 3.87798 3.04541
223 3.89659 3.06497
224 3.91498 3.08433
225 3.93317 3.10346
226 3.95116 3.12238
227 3.96894 3.14109
228 3.98653 3.15959
229 4.00392 3.17788
230 4.02111 3.19597
231 4.03811 3.21386
232 4.05493 3.23154
233 4.07155 3.24903
234 4.08799 3.26633
235 4.10425 3.28343
236 4.12032 3.30033
237 4.13621 3.31705
238 4.15193 3.33359
239 4.16747 3.34994
240 4.18284 3.3661
241 4.19803 3.38208
242 4.21306 3.39789
243 4.22791 3.41352
244 4.2426 3.42897
245 4.25713 3.44426
246 4.2715 3.45937
247 4.2857 3.47431
248 4.29974 3.48908
249 4.31363 3.50369
250 4.32737 3.51814
251 4.34094 3.53242
252 4.35437 3.54655
253 4.36765 3.56052
254 4.38078 3.57433
255 4.39376 3.58798
256 4.4066 3.60149
257 4.41929 3.61484
258 4.43184 3.62804
259 4.44425 3.6411
260 4.45653 3.65401
261 4.46866 3.66678
262 4.48066 3.6794
263 4.49253 3.69188
264 4.50426 3.70422
265 4.51586 3.71643
266 4.52733 3.7285
267 4.53868 3.74043
268 4.54989 3.75223
269 4.56098 3.7639
270 4.57195 3.77543
271 4.5828 3.78684
272 4.59352 3.79812
273 4.60412 3.80928
274 4.61461 3.82031
275 4.62498 3.83121
276 4.63523 3.842
277 4.64537 3.85266
278 4.65539 3.86321
279 4.6653 3.87364
280 4.6751 3.88395
281 4.6848 3.89414
282 4.69438 3.90422
283 4.70386 3.91419
284 4.71323 3.92405
285 4.72249 3.9338
286 4.73165 3.94343
287 4.74071 3.95296
288 4.74967 3.96239
289 4.75853 3.97171
290 4.76729 3.98092
291 4.77595 3.99003
292 4.78451 3.99904
293 4.79298 4.00795
294 4.80136 4.01676
295 4.80964 4.02547
296 4.81782 4.03408
297 4.82592 4.0426
298 4.83393 4.05102
299 4.84184 4.05935
300 4.84967 4.06758
301 4.85741 4.07572
302 4.70957 3.9202
303 4.56338 3.76642
304 4.41883 3.61436
305 4.2759 3.464
306 4.13456 3.31531
307 3.9948 3.16829
308 3.8566 3.02292
309 3.71995 2.87917
310 3.58483 2.73702
311 3.45122 2.59647
312 3.3191 2.45748
313 3.18846 2.32005
314 3.05928 2.18416
315 2.93154 2.04978
316 2.80523 1.91691
317 2.68033 1.78553
318 2.55683 1.65561
319 2.43471 1.52714
320 2.31396 1.40011
321 2.19455 1.2745
322 2.07648 1.1503
323 1.95973 1.02748
324 1.84429 0.906039
325 1.73014 0.785953
326 1.61726 0.66721
327 1.50564 0.549794
328 1.39527 0.433691
329 1.28614 0.318885
330 1.17822 0.205363
331 1.07152 0.0931107
332 0.966001 -0.017887
333 0.861666 -0.127644
334 0.758497 -0.236174
335 0.656481 -0.34349
336 0.555606 -0.449607
337 0.455859 -0.554538
338 0.357226 -0.658295
339 0.259696 -0.760893
340 0.163257 -0.862344
341 0.0678957 -0.96266
342 -0.0263996 -1.06185
343 -0.119641 -1.15994
344 -0.211839 -1.25693
345 -0.303007 -1.35284
346 -0.393156 -1.44767
347 -0.482297 -1.54144
348 -0.570441 -1.63417
349 -0.6576 -1.72585
350 -0.743785 -1.81652
351 -0.829006 -1.90617
352 -0.913275 -1.99481
353 -0.996601 -2.08247
354 -1.079 -2.16915
355 -1.16047 -2.25485
356 -1.24103 -2.3396
357 -1.32069 -2.4234
358 -1.39947 -2.50627
359 -1.47736 -2.58821
360 -1.55438 -2.66923
